[ 1  1  1  1  1  1  1 -1  1 -1 -1  1  1  1  1  1  1  1 -1 -1  1  1  1  1
  1  1  1  1  1  1  1  1  1  1 -1  1  1  1 -1  1  1  1  1  1  1  1 -1  1
  1  1  1  1  1  1  1  1  1  1 -1 -1  1 -1  1  1 -1  1  1  1  1  1  1  1
  1  1  1  1  1  1  1 -1  1  1  1  1  1  1  1  1  1  1  1  1  1 -1 -1  1
  1 -1  1  1  1  1  1 -1 -1  1  1  1  1  1 -1  1  1]
[1, 1, 1, 1, 1, 1, 1, -1, 1, -1, 1, 1, 1, 1, 1, 1, 1, 1, 1, 1, 1, 1, 1, 1, -1, 1, -1, 1, 1, -1, 1, 1, -1, -1, 1, 1, 1, -1, 1, 1, 1, 1, 1, 1, 1, 1, 1, 1, 1, 1, 1, 1, 1, 1, 1, 1, 1, 1, 1, 1, 1, 1, 1, 1, 1, 1, -1, -1, 1, 1, 1, 1, 1, 1, 1, 1, 1, 1, 1, -1, 1, 1, 1, -1, 1, 1, -1, -1, 1, 1, 1, 1, -1, -1, 1, 1, 1, 1, 1, 1, -1, 1, 1, 1, -1, 1, 1, 1, 1, 1, 1, 1, 1]
Precision: 0.565205, Recall: 0.562430, F1: 0.563707,auc:  0.562430,error: 0.955752 
{"batch_size": 32, "num_lattern": 20, "num_layers": 3, "epoch": 100, "z_dim": 3, "learning_rate": 1e-05, "if_train": true, "hidden_size": 60, "time_steps": 1, "n_hidden": 8, "train_iters": 3000}
loss [10.072135  10.672367  10.761467  10.212569  10.283168  10.34227
 10.356204  13.865249  10.806848  11.298021  10.465429  10.784262
  9.6736355 10.767614   9.770588  10.267374  10.161496  10.383362
 10.046486   9.63885   11.190167   9.658744  10.62242   10.791229
 15.3500595 10.079654  11.239816  10.110028  10.546655  12.326999
 10.218204  11.063857  11.493522  11.4934845 10.800791  10.638695
 10.936169  11.680354  10.190913   9.801973  11.191307  10.544195
 10.597398  11.175718  10.901284   9.907643  10.084567  10.263765
 10.00213   10.667763  10.485022   9.737046   9.98408    9.905001
 10.792337  10.898383   9.333822  10.481703  10.419826  11.150242
 10.376111  10.804011   9.954855  10.051292  10.925718   9.831518
 11.212237  11.426363  11.046989  10.969531  10.342824  10.43895
 10.184549  11.14961   10.210735  10.570009   9.833872  10.565956
 10.1511545 11.438489  10.890847  10.804512  10.765444  11.891803
 10.284842   9.976463  12.135991  11.289307  10.051499  10.242995
  9.952127  10.578941  11.349017  12.323832   9.94936    9.7844715
 10.081189  10.655501  10.242447  10.867557  11.319214  11.055685
 10.395934  10.406224  11.260453  10.528341  10.384963  10.500669
 10.248347  10.673366  11.002497  10.561037  10.913407 ]
anomaly ratio 0.168141592920354
[1, 1, 1, 1, 1, 1, 1, -1, 1, -1, 1, 1, 1, 1, 1, 1, 1, 1, 1, 1, 1, 1, 1, 1, -1, 1, -1, 1, 1, -1, 1, 1, -1, -1, 1, 1, 1, -1, 1, 1, 1, 1, 1, 1, 1, 1, 1, 1, 1, 1, 1, 1, 1, 1, 1, 1, 1, 1, 1, 1, 1, 1, 1, 1, 1, 1, -1, -1, 1, 1, 1, 1, 1, 1, 1, 1, 1, 1, 1, -1, 1, 1, 1, -1, 1, 1, -1, -1, 1, 1, 1, 1, -1, -1, 1, 1, 1, 1, 1, 1, -1, 1, 1, 1, -1, 1, 1, 1, 1, 1, 1, 1, 1]
[ 1  1  1  1  1  1  1 -1  1 -1 -1  1  1  1  1  1  1  1 -1 -1  1  1  1  1
  1  1  1  1  1  1  1  1  1  1 -1  1  1  1 -1  1  1  1  1  1  1  1 -1  1
  1  1  1  1  1  1  1  1  1  1 -1 -1  1 -1  1  1 -1  1  1  1  1  1  1  1
  1  1  1  1  1  1  1 -1  1  1  1  1  1  1  1  1  1  1  1  1  1 -1 -1  1
  1 -1  1  1  1  1  1 -1 -1  1  1  1  1  1 -1  1  1]
[ 1  1  1  1  1  1  1 -1  1 -1 -1  1  1  1  1  1  1  1 -1 -1  1  1  1  1
  1  1  1  1  1  1  1  1  1  1 -1  1  1  1 -1  1  1  1  1  1  1  1 -1  1
  1  1  1  1  1  1  1  1  1  1 -1 -1  1 -1  1  1 -1  1  1  1  1  1  1  1
  1  1  1  1  1  1  1 -1  1  1  1  1  1  1  1  1  1  1  1  1  1 -1 -1  1
  1 -1  1  1  1  1  1 -1 -1  1  1  1  1  1 -1  1  1]
[1, 1, 1, 1, 1, 1, 1, -1, 1, 1, 1, 1, 1, 1, 1, 1, 1, 1, 1, 1, -1, 1, 1, 1, -1, 1, -1, 1, 1, -1, 1, 1, -1, -1, 1, 1, 1, -1, 1, 1, -1, 1, 1, 1, 1, 1, 1, 1, 1, 1, 1, 1, 1, 1, 1, 1, 1, 1, 1, 1, 1, 1, 1, 1, 1, 1, 1, -1, 1, 1, 1, 1, 1, 1, 1, 1, 1, 1, 1, 1, 1, 1, 1, -1, 1, 1, -1, -1, 1, 1, 1, 1, -1, -1, 1, 1, 1, 1, 1, 1, -1, 1, 1, 1, 1, 1, 1, 1, 1, 1, 1, 1, 1]
Precision: 0.474871, Recall: 0.478163, F1: 0.475991,auc:  0.478163,error: 1.097345 
{"epoch": 100, "z_dim": 3, "n_hidden": 8, "batch_size": 32, "if_train": true, "train_iters": 6000, "hidden_size": 60, "time_steps": 1, "num_lattern": 20, "num_layers": 3, "learning_rate": 1e-05}
loss [ 9.570213  10.256437  10.387615   9.930782  10.079434  10.125967
 10.109599  13.491917  10.602005  10.924463  10.075573  10.5335655
  9.338204  10.639346   9.375141  10.056388  10.015508  10.206402
  9.805786   9.163213  11.016022   9.188814  10.510275  10.459815
 15.147324   9.787022  11.059878   9.889524  10.297388  11.928005
 10.043875  10.864228  11.0642185 11.049333  10.602994  10.394146
 10.694586  11.393623   9.906295   9.656806  11.0383005 10.195995
 10.217783  10.879743  10.740607   9.458686   9.8942995 10.024987
  9.705595  10.4367485 10.249404   9.558553   9.8688965  9.707335
 10.602118  10.704897   9.051241  10.254869  10.300971  10.91779
 10.22526   10.462585   9.700739   9.980375  10.709951   9.561932
 10.822499  11.21913   10.866627  10.851184   9.9532    10.280326
  9.9330225 10.954407   9.968606  10.396241   9.617615  10.191123
  9.822434  10.832528  10.62715   10.525146  10.527881  11.844586
 10.116959   9.757055  11.881613  11.059075   9.886643   9.796576
  9.803312  10.0942135 11.169096  12.089527   9.650815   9.295287
  9.827954  10.427275   9.950529  10.684316  11.062731  10.708554
 10.202885  10.1111965 10.938361  10.044273   9.733472  10.241558
  9.961002  10.466657  10.605574  10.211842  10.5265   ]
anomaly ratio 0.168141592920354
[1, 1, 1, 1, 1, 1, 1, -1, 1, 1, 1, 1, 1, 1, 1, 1, 1, 1, 1, 1, -1, 1, 1, 1, -1, 1, -1, 1, 1, -1, 1, 1, -1, -1, 1, 1, 1, -1, 1, 1, -1, 1, 1, 1, 1, 1, 1, 1, 1, 1, 1, 1, 1, 1, 1, 1, 1, 1, 1, 1, 1, 1, 1, 1, 1, 1, 1, -1, 1, 1, 1, 1, 1, 1, 1, 1, 1, 1, 1, 1, 1, 1, 1, -1, 1, 1, -1, -1, 1, 1, 1, 1, -1, -1, 1, 1, 1, 1, 1, 1, -1, 1, 1, 1, 1, 1, 1, 1, 1, 1, 1, 1, 1]
[ 1  1  1  1  1  1  1 -1  1 -1 -1  1  1  1  1  1  1  1 -1 -1  1  1  1  1
  1  1  1  1  1  1  1  1  1  1 -1  1  1  1 -1  1  1  1  1  1  1  1 -1  1
  1  1  1  1  1  1  1  1  1  1 -1 -1  1 -1  1  1 -1  1  1  1  1  1  1  1
  1  1  1  1  1  1  1 -1  1  1  1  1  1  1  1  1  1  1  1  1  1 -1 -1  1
  1 -1  1  1  1  1  1 -1 -1  1  1  1  1  1 -1  1  1]
[ 1  1  1  1  1  1  1 -1  1 -1 -1  1  1  1  1  1  1  1 -1 -1  1  1  1  1
  1  1  1  1  1  1  1  1  1  1 -1  1  1  1 -1  1  1  1  1  1  1  1 -1  1
  1  1  1  1  1  1  1  1  1  1 -1 -1  1 -1  1  1 -1  1  1  1  1  1  1  1
  1  1  1  1  1  1  1 -1  1  1  1  1  1  1  1  1  1  1  1  1  1 -1 -1  1
  1 -1  1  1  1  1  1 -1 -1  1  1  1  1  1 -1  1  1]
[1, 1, 1, 1, 1, 1, 1, -1, 1, -1, 1, 1, 1, 1, 1, 1, 1, 1, 1, 1, -1, 1, 1, 1, -1, 1, -1, 1, 1, -1, 1, 1, -1, -1, 1, 1, 1, -1, 1, 1, -1, 1, 1, -1, 1, 1, 1, 1, 1, 1, 1, 1, 1, 1, 1, 1, 1, 1, 1, 1, 1, 1, 1, 1, 1, 1, -1, -1, 1, 1, 1, 1, 1, -1, 1, 1, 1, 1, 1, -1, 1, 1, 1, -1, 1, 1, -1, -1, 1, 1, 1, 1, -1, -1, 1, 1, 1, 1, 1, 1, -1, 1, 1, 1, 1, 1, 1, 1, 1, 1, 1, 1, 1]
Precision: 0.513716, Recall: 0.514838, F1: 0.513978,auc:  0.514838,error: 1.132743 
{"train_iters": 10000, "z_dim": 3, "batch_size": 32, "hidden_size": 60, "if_train": true, "num_lattern": 20, "learning_rate": 1e-05, "n_hidden": 8, "num_layers": 3, "epoch": 100, "time_steps": 1}
loss [ 9.506617   9.831678   9.932234   9.434283   9.673715   9.675097
  9.468767  13.206218  10.209047  10.471621   9.6562     9.943227
  8.848486  10.116577   9.063164   9.418617   9.43983    9.607796
  9.190646   9.101554  10.458618   9.035865  10.039248   9.958967
 14.567175   9.522973  10.664138   9.139997   9.721026  11.5885725
  9.495855  10.212637  10.698016  10.751463  10.084523   9.773392
  9.92223   11.09524    9.270859   9.123516  10.507397   9.923143
  9.834799  10.515258  10.167713   9.315008   9.553762   9.7140045
  9.183524  10.087588   9.837599   8.967719   9.257856   9.124247
 10.229325  10.265482   8.658658   9.61451    9.574261   9.932384
  9.79989    9.865129   9.187849   9.590242  10.006344   9.279019
 10.571598  10.867394  10.452636  10.020873   9.737652   9.852077
  9.294863  10.639259   9.598103   9.756312   9.198318   9.822785
  9.553436  10.602465  10.265437  10.164862  10.068042  11.142364
  9.569896   9.339879  11.441213  10.61797    9.452845   9.315878
  9.265686   9.972804  10.524401  11.645199   9.335606   9.160014
  9.368727   9.778327   9.722943  10.276208  10.665243  10.151375
  9.836006   9.634508  10.44199    9.688499   9.397348   9.921173
  9.506246   9.9450245 10.136934   9.986828  10.29165  ]
anomaly ratio 0.168141592920354
[1, 1, 1, 1, 1, 1, 1, -1, 1, -1, 1, 1, 1, 1, 1, 1, 1, 1, 1, 1, -1, 1, 1, 1, -1, 1, -1, 1, 1, -1, 1, 1, -1, -1, 1, 1, 1, -1, 1, 1, -1, 1, 1, -1, 1, 1, 1, 1, 1, 1, 1, 1, 1, 1, 1, 1, 1, 1, 1, 1, 1, 1, 1, 1, 1, 1, -1, -1, 1, 1, 1, 1, 1, -1, 1, 1, 1, 1, 1, -1, 1, 1, 1, -1, 1, 1, -1, -1, 1, 1, 1, 1, -1, -1, 1, 1, 1, 1, 1, 1, -1, 1, 1, 1, 1, 1, 1, 1, 1, 1, 1, 1, 1]
[ 1  1  1  1  1  1  1 -1  1 -1 -1  1  1  1  1  1  1  1 -1 -1  1  1  1  1
  1  1  1  1  1  1  1  1  1  1 -1  1  1  1 -1  1  1  1  1  1  1  1 -1  1
  1  1  1  1  1  1  1  1  1  1 -1 -1  1 -1  1  1 -1  1  1  1  1  1  1  1
  1  1  1  1  1  1  1 -1  1  1  1  1  1  1  1  1  1  1  1  1  1 -1 -1  1
  1 -1  1  1  1  1  1 -1 -1  1  1  1  1  1 -1  1  1]
